image: srfg_map.pgm
resolution: 0.050000
origin: [-7.150000, -12.321704, 0.000000]
negate: 0
occupied_thresh: 0.65
free_thresh: 0.196

